x_eq = [0.9999982624338724, -0.00023974074669699303, 0.0013050801550827176, -0.0013093583927702452, 0.0059343864706899304, -0.0008723071131919254, 0.33093171820437417, 0.004529120639336368, -0.00018669100298386137, -0.00018209025228848097, 0.0016202404770875548, 0.614106250308167, 1.0997300385793607, 1.0997300599793807, 0.6100752478388638, -1.1995702781987116, -2.2000797086642807, -2.2000797586095384, -1.1874673846879344, 0.0, 0.0, 0.0, 0.0, 0.0, 0.0, 0.0, 0.0, 0.0, 0.0, 0.0, 0.0, 0.0, 0.0, 0.0, 0.0, 0.0, 0.0]
u_eq = [4.15643544256032, 0.8159248285236459, -0.8164838723066011, -4.256818587896486, -0.27231423902520085, 0.3872245465807174, 0.3872245505212029, 0.08742971597690076, 6.452937593559035, -0.26523838991765625, -0.26523839427199136, 6.576298151196922]
"λ_eq" = [0.6070976705094299, -0.4380723901136576, 61.08695775976445, -0.6070976705094274, 0.43807239011334365, 61.08678224023559]
# q_stand = [0.004529120639336368, 0.004529120639336368, 0.004529120639336368, 0.0016202404770875548, 0.614106250308167, 0.614106250308167, 0.614106250308167, 0.6100752478388638, -1.1995702781987116, -1.1995702781987116, -1.1995702781987116, -1.1874673846879344]
q_stand = [0.004529120639336368, 0.004529120639336368, 0.004529120639336368, 0.0016202404770875548, 0.614106250308167, 0.614106250308167, 0.614106250308167, 0.6100752478388638, -1.1995702781987116, -1.25, -1.25, -1.1874673846879344]